50	1	50
55	1	50
60	1	50
65	1	50
70	1	50
75	1	50
80	1	50
85	1	50
90	1	50
95	1	50
100	1	50
105	1	50
110	1	50
115	1	50
120	1	50
125	1	50
130	1	50
135	1	50
140	1	50
145	1	50
150	1	50
155	1	50
160	1	50
165	1	50
170	1	50
175	1	50
180	1	50
185	1	50
190	1	50
195	1	50
200	1	50
205	1	50
210	1	50
215	1	50
220	1	50
225	1	50
230	1	50
235	1	50
240	1	50
245	1	50
250	1	50
255	1	50
260	1	50
265	1	50
270	1	50
275	1	50
280	1	50
285	1	50
290	1	50
295	1	50
300	1	50
305	1	50
310	1	50
315	1	50
320	1	50
325	1	50
330	1	50
335	1	50
340	1	50
345	1	50
350	1	50
355	1	50
360	1	50
365	1	50
370	1	50
375	1	50
380	1	50
385	1	50
390	1	50
395	1	50
400	1	50
405	1	50
410	1	50
415	1	50
420	1	50
425	1	50
430	1	50
435	1	50
440	1	50
445	1	50
450	1	50
50	1	70
55	1	70
60	1	70
65	1	70
70	1	70
75	1	70
80	1	70
85	1	70
90	1	70
95	1	70
100	1	70
105	1	70
110	1	70
115	1	70
120	1	70
125	1	70
130	1	70
135	1	70
140	1	70
145	1	70
150	1	70
155	1	70
160	1	70
165	1	70
170	1	70
175	1	70
180	1	70
185	1	70
190	1	70
195	1	70
200	1	70
205	1	70
210	1	70
215	1	70
220	1	70
225	1	70
230	1	70
235	1	70
240	1	70
245	1	70
250	1	70
255	1	70
260	1	70
265	1	70
270	1	70
275	1	70
280	1	70
285	1	70
290	1	70
295	1	70
300	1	70
305	1	70
310	1	70
315	1	70
320	1	70
325	1	70
330	1	70
335	1	70
340	1	70
345	1	70
350	1	70
355	1	70
360	1	70
365	1	70
370	1	70
375	1	70
380	1	70
385	1	70
390	1	70
395	1	70
400	1	70
405	1	70
410	1	70
415	1	70
420	1	70
425	1	70
430	1	70
435	1	70
440	1	70
445	1	70
450	1	70
50	1	90
55	1	90
60	1	90
65	1	90
70	1	90
75	1	90
80	1	90
85	1	90
90	1	90
95	1	90
100	1	90
105	1	90
110	1	90
115	1	90
120	1	90
125	1	90
130	1	90
135	1	90
140	1	90
145	1	90
150	1	90
155	1	90
160	1	90
165	1	90
170	1	90
175	1	90
180	1	90
185	1	90
190	1	90
195	1	90
200	1	90
205	1	90
210	1	90
215	1	90
220	1	90
225	1	90
230	1	90
235	1	90
240	1	90
245	1	90
250	1	90
255	1	90
260	1	90
265	1	90
270	1	90
275	1	90
280	1	90
285	1	90
290	1	90
295	1	90
300	1	90
305	1	90
310	1	90
315	1	90
320	1	90
325	1	90
330	1	90
335	1	90
340	1	90
345	1	90
350	1	90
355	1	90
360	1	90
365	1	90
370	1	90
375	1	90
380	1	90
385	1	90
390	1	90
395	1	90
400	1	90
405	1	90
410	1	90
415	1	90
420	1	90
425	1	90
430	1	90
435	1	90
440	1	90
445	1	90
450	1	90
50	1	110
55	1	110
60	1	110
65	1	110
70	1	110
75	1	110
80	1	110
85	1	110
90	1	110
95	1	110
100	1	110
105	1	110
110	1	110
115	1	110
120	1	110
125	1	110
130	1	110
135	1	110
140	1	110
145	1	110
150	1	110
155	1	110
160	1	110
165	1	110
170	1	110
175	1	110
180	1	110
185	1	110
190	1	110
195	1	110
200	1	110
205	1	110
210	1	110
215	1	110
220	1	110
225	1	110
230	1	110
235	1	110
240	1	110
245	1	110
250	1	110
255	1	110
260	1	110
265	1	110
270	1	110
275	1	110
280	1	110
285	1	110
290	1	110
295	1	110
300	1	110
305	1	110
310	1	110
315	1	110
320	1	110
325	1	110
330	1	110
335	1	110
340	1	110
345	1	110
350	1	110
355	1	110
360	1	110
365	1	110
370	1	110
375	1	110
380	1	110
385	1	110
390	1	110
395	1	110
400	1	110
405	1	110
410	1	110
415	1	110
420	1	110
425	1	110
430	1	110
435	1	110
440	1	110
445	1	110
450	1	110
50	1	130
55	1	130
60	1	130
65	1	130
70	1	130
75	1	130
80	1	130
85	1	130
90	1	130
95	1	130
100	1	130
105	1	130
110	1	130
115	1	130
120	1	130
125	1	130
130	1	130
135	1	130
140	1	130
145	1	130
150	1	130
155	1	130
160	1	130
165	1	130
170	1	130
175	1	130
180	1	130
185	1	130
190	1	130
195	1	130
200	1	130
205	1	130
210	1	130
215	1	130
220	1	130
225	1	130
230	1	130
235	1	130
240	1	130
245	1	130
250	1	130
255	1	130
260	1	130
265	1	130
270	1	130
275	1	130
280	1	130
285	1	130
290	1	130
295	1	130
300	1	130
305	1	130
310	1	130
315	1	130
320	1	130
325	1	130
330	1	130
335	1	130
340	1	130
345	1	130
350	1	130
355	1	130
360	1	130
365	1	130
370	1	130
375	1	130
380	1	130
385	1	130
390	1	130
395	1	130
400	1	130
405	1	130
410	1	130
415	1	130
420	1	130
425	1	130
430	1	130
435	1	130
440	1	130
445	1	130
450	1	130
50	1	150
55	1	150
60	1	150
65	1	150
70	1	150
75	1	150
80	1	150
85	1	150
90	1	150
95	1	150
100	1	150
105	1	150
110	1	150
115	1	150
120	1	150
125	1	150
130	1	150
135	1	150
140	1	150
145	1	150
150	1	150
155	1	150
160	1	150
165	1	150
170	1	150
175	1	150
180	1	150
185	1	150
190	1	150
195	1	150
200	1	150
205	1	150
210	1	150
215	1	150
220	1	150
225	1	150
230	1	150
235	1	150
240	1	150
245	1	150
250	1	150
255	1	150
260	1	150
265	1	150
270	1	150
275	1	150
280	1	150
285	1	150
290	1	150
295	1	150
300	1	150
305	1	150
310	1	150
315	1	150
320	1	150
325	1	150
330	1	150
335	1	150
340	1	150
345	1	150
350	1	150
355	1	150
360	1	150
365	1	150
370	1	150
375	1	150
380	1	150
385	1	150
390	1	150
395	1	150
400	1	150
405	1	150
410	1	150
415	1	150
420	1	150
425	1	150
430	1	150
435	1	150
440	1	150
445	1	150
450	1	150
50	1	170
55	1	170
60	1	170
65	1	170
70	1	170
75	1	170
80	1	170
85	1	170
90	1	170
95	1	170
100	1	170
105	1	170
110	1	170
115	1	170
120	1	170
125	1	170
130	1	170
135	1	170
140	1	170
145	1	170
150	1	170
155	1	170
160	1	170
165	1	170
170	1	170
175	1	170
180	1	170
185	1	170
190	1	170
195	1	170
200	1	170
205	1	170
210	1	170
215	1	170
220	1	170
225	1	170
230	1	170
235	1	170
240	1	170
245	1	170
250	1	170
255	1	170
260	1	170
265	1	170
270	1	170
275	1	170
280	1	170
285	1	170
290	1	170
295	1	170
300	1	170
305	1	170
310	1	170
315	1	170
320	1	170
325	1	170
330	1	170
335	1	170
340	1	170
345	1	170
350	1	170
355	1	170
360	1	170
365	1	170
370	1	170
375	1	170
380	1	170
385	1	170
390	1	170
395	1	170
400	1	170
405	1	170
410	1	170
415	1	170
420	1	170
425	1	170
430	1	170
435	1	170
440	1	170
445	1	170
450	1	170
50	1	190
55	1	190
60	1	190
65	1	190
70	1	190
75	1	190
80	1	190
85	1	190
90	1	190
95	1	190
100	1	190
105	1	190
110	1	190
115	1	190
120	1	190
125	1	190
130	1	190
135	1	190
140	1	190
145	1	190
150	1	190
155	1	190
160	1	190
165	1	190
170	1	190
175	1	190
180	1	190
185	1	190
190	1	190
195	1	190
200	1	190
205	1	190
210	1	190
215	1	190
220	1	190
225	1	190
230	1	190
235	1	190
240	1	190
245	1	190
250	1	190
255	1	190
260	1	190
265	1	190
270	1	190
275	1	190
280	1	190
285	1	190
290	1	190
295	1	190
300	1	190
305	1	190
310	1	190
315	1	190
320	1	190
325	1	190
330	1	190
335	1	190
340	1	190
345	1	190
350	1	190
355	1	190
360	1	190
365	1	190
370	1	190
375	1	190
380	1	190
385	1	190
390	1	190
395	1	190
400	1	190
405	1	190
410	1	190
415	1	190
420	1	190
425	1	190
430	1	190
435	1	190
440	1	190
445	1	190
450	1	190
50	1	210
55	1	210
60	1	210
65	1	210
70	1	210
75	1	210
80	1	210
85	1	210
90	1	210
95	1	210
100	1	210
105	1	210
110	1	210
115	1	210
120	1	210
125	1	210
130	1	210
135	1	210
140	1	210
145	1	210
150	1	210
155	1	210
160	1	210
165	1	210
170	1	210
175	1	210
180	1	210
185	1	210
190	1	210
195	1	210
200	1	210
205	1	210
210	1	210
215	1	210
220	1	210
225	1	210
230	1	210
235	1	210
240	1	210
245	1	210
250	1	210
255	1	210
260	1	210
265	1	210
270	1	210
275	1	210
280	1	210
285	1	210
290	1	210
295	1	210
300	1	210
305	1	210
310	1	210
315	1	210
320	1	210
325	1	210
330	1	210
335	1	210
340	1	210
345	1	210
350	1	210
355	1	210
360	1	210
365	1	210
370	1	210
375	1	210
380	1	210
385	1	210
390	1	210
395	1	210
400	1	210
405	1	210
410	1	210
415	1	210
420	1	210
425	1	210
430	1	210
435	1	210
440	1	210
445	1	210
450	1	210
50	1	230
55	1	230
60	1	230
65	1	230
70	1	230
75	1	230
80	1	230
85	1	230
90	1	230
95	1	230
100	1	230
105	1	230
110	1	230
115	1	230
120	1	230
125	1	230
130	1	230
135	1	230
140	1	230
145	1	230
150	1	230
155	1	230
160	1	230
165	1	230
170	1	230
175	1	230
180	1	230
185	1	230
190	1	230
195	1	230
200	1	230
205	1	230
210	1	230
215	1	230
220	1	230
225	1	230
230	1	230
235	1	230
240	1	230
245	1	230
250	1	230
255	1	230
260	1	230
265	1	230
270	1	230
275	1	230
280	1	230
285	1	230
290	1	230
295	1	230
300	1	230
305	1	230
310	1	230
315	1	230
320	1	230
325	1	230
330	1	230
335	1	230
340	1	230
345	1	230
350	1	230
355	1	230
360	1	230
365	1	230
370	1	230
375	1	230
380	1	230
385	1	230
390	1	230
395	1	230
400	1	230
405	1	230
410	1	230
415	1	230
420	1	230
425	1	230
430	1	230
435	1	230
440	1	230
445	1	230
450	1	230
50	1	250
55	1	250
60	1	250
65	1	250
70	1	250
75	1	250
80	1	250
85	1	250
90	1	250
95	1	250
100	1	250
105	1	250
110	1	250
115	1	250
120	1	250
125	1	250
130	1	250
135	1	250
140	1	250
145	1	250
150	1	250
155	1	250
160	1	250
165	1	250
170	1	250
175	1	250
180	1	250
185	1	250
190	1	250
195	1	250
200	1	250
205	1	250
210	1	250
215	1	250
220	1	250
225	1	250
230	1	250
235	1	250
240	1	250
245	1	250
250	1	250
255	1	250
260	1	250
265	1	250
270	1	250
275	1	250
280	1	250
285	1	250
290	1	250
295	1	250
300	1	250
305	1	250
310	1	250
315	1	250
320	1	250
325	1	250
330	1	250
335	1	250
340	1	250
345	1	250
350	1	250
355	1	250
360	1	250
365	1	250
370	1	250
375	1	250
380	1	250
385	1	250
390	1	250
395	1	250
400	1	250
405	1	250
410	1	250
415	1	250
420	1	250
425	1	250
430	1	250
435	1	250
440	1	250
445	1	250
450	1	250
